#Graph Configuration
# Service capacity
\begin{ServiceCapacity}
s0 0 12
s1 1 12
s2 2 39
s3 3 24
s4 4 14
s5 5 40
s6 6 24
s7 7 18
s8 8 23
s9 9 40
s10 10 15
s11 11 24
s12 12 12
s13 13 13
s14 14 33
s15 15 17
s16 16 25
s17 17 33
s18 18 21
s19 19 30
\end
# Matrix Service connections
\begin{Serviceconnections}
s0 0 0 0 0 0 0 0 0 0 8 0 7 0 0 1 0 0 0 0 0
s1 0 0 0 0 0 0 0 0 0 1 0 0 0 7 0 0 0 0 0 0
s2 0 0 0 0 0 0 0 0 0 10 0 0 0 0 0 0 0 4 0 0
s3 0 0 0 0 0 0 0 0 8 0 0 0 0 0 0 0 0 0 0 0
s4 0 0 0 0 0 8 0 0 0 0 0 0 0 0 0 0 0 0 0 0
s5 0 0 0 0 8 0 0 0 0 0 0 0 0 0 0 0 0 0 0 0
s6 0 0 0 0 0 0 0 0 3 9 0 0 0 0 0 0 0 0 0 0
s7 0 0 0 0 0 0 0 0 0 0 0 4 1 0 0 0 0 0 0 0
s8 0 0 0 8 0 0 3 0 0 0 0 0 0 0 0 0 0 0 0 0
s9 8 1 10 0 0 0 9 0 0 0 0 0 0 0 0 0 0 0 0 0
s10 0 0 0 0 0 0 0 0 0 0 0 0 0 0 0 0 6 3 0 0
s11 7 0 0 0 0 0 0 4 0 0 0 0 0 0 0 0 0 0 0 0
s12 0 0 0 0 0 0 0 1 0 0 0 0 0 0 0 0 0 0 0 0
s13 0 7 0 0 0 0 0 0 0 0 0 0 0 0 0 1 7 0 0 0
s14 1 0 0 0 0 0 0 0 0 0 0 0 0 0 0 0 0 0 0 0
s15 0 0 0 0 0 0 0 0 0 0 0 0 0 1 0 0 0 0 0 0
s16 0 0 0 0 0 0 0 0 0 0 6 0 0 7 0 0 0 0 0 5
s17 0 0 4 0 0 0 0 0 0 0 3 0 0 0 0 0 0 0 0 0
s18 0 0 0 0 0 0 0 0 0 0 0 0 0 0 0 0 0 0 0 9
s19 0 0 0 0 0 0 0 0 0 0 0 0 0 0 0 0 5 0 9 0
\end
